OrderedDict([('linear_layer.0.weight', tensor([[ 0.0105,  0.0419,  0.0955,  ..., -0.0610, -0.0183,  0.0207],
        [-0.0307,  0.0875,  0.0066,  ...,  0.0820,  0.1170,  0.0254],
        [-0.0318, -0.0118,  0.0304,  ..., -0.0049,  0.0223, -0.0510],
        ...,
        [-0.0317, -0.0613, -0.0149,  ..., -0.0465,  0.0100,  0.1418],
        [ 0.0743,  0.0018, -0.0388,  ..., -0.0525, -0.0715, -0.0718],
        [ 0.0301,  0.0076,  0.0167,  ...,  0.0482,  0.0644, -0.0254]])), ('linear_layer.0.bias', tensor([ 0.0669, -0.0522, -0.0472, -0.0235,  0.0232,  0.0004, -0.0560, -0.0490,
         0.0604,  0.0242,  0.0079,  0.0512,  0.0215, -0.0719,  0.0672, -0.0347,
        -0.0047, -0.0052,  0.0629,  0.0216, -0.0015, -0.0674, -0.0094, -0.0045,
         0.0502, -0.0031,  0.0408,  0.0637, -0.0693,  0.0621,  0.0173, -0.0532,
        -0.0754,  0.0296,  0.0758,  0.0287,  0.0258, -0.0296,  0.0198, -0.0139,
        -0.0058,  0.0445,  0.0407,  0.0137,  0.0009, -0.0502,  0.0599, -0.0168,
         0.0257,  0.0485,  0.0159,  0.0175,  0.0085, -0.0096, -0.0536, -0.0534,
         0.0763, -0.0670, -0.0130, -0.0214, -0.0066, -0.0575, -0.0568, -0.0339,
         0.0248,  0.0766,  0.0224, -0.0770,  0.0207,  0.0023,  0.0180, -0.0398,
        -0.0142,  0.0639, -0.0057, -0.0526,  0.0344, -0.0248, -0.0239, -0.0032,
         0.0653,  0.0265, -0.0007, -0.0502,  0.0102, -0.0535, -0.0776, -0.0631,
         0.0521, -0.0564,  0.0133, -0.0040,  0.0360,  0.0322,  0.0183, -0.0507,
        -0.0448,  0.0614,  0.0640, -0.0034,  0.0142, -0.0161, -0.0748, -0.0575,
        -0.0359, -0.0254, -0.0999,  0.0697,  0.0663,  0.0599, -0.0113, -0.0554,
        -0.0494, -0.0448,  0.0685, -0.0228,  0.0012,  0.0029,  0.0296, -0.0708,
        -0.0076,  0.0251,  0.0112,  0.0297,  0.0287, -0.0452, -0.0194,  0.0135,
        -0.0044,  0.0439,  0.0340, -0.0602,  0.0110,  0.0651, -0.0160,  0.0367,
        -0.0662, -0.0524,  0.0284, -0.0272, -0.0487,  0.0170,  0.0207,  0.0111,
        -0.0240, -0.0118,  0.0637, -0.0112,  0.0578,  0.0279,  0.0164, -0.0464,
        -0.0476,  0.0276,  0.0494,  0.0173, -0.0470,  0.0583,  0.0276,  0.0688,
         0.1232, -0.0118, -0.0429,  0.0061,  0.0590, -0.0737,  0.0006, -0.0202,
         0.0473, -0.0312, -0.0225, -0.0668, -0.0563, -0.0624,  0.0024, -0.0554,
         0.0027,  0.0036,  0.0747, -0.0236,  0.0679, -0.1360, -0.0113,  0.0307,
        -0.0376, -0.0790,  0.0402, -0.0343,  0.0775,  0.0694,  0.0497, -0.0298,
        -0.0137, -0.0695,  0.0111,  0.0377, -0.0129, -0.0321, -0.0648, -0.0385,
        -0.0154, -0.0064,  0.0085,  0.0313,  0.0442,  0.0115, -0.0142, -0.0537,
        -0.0189,  0.0541,  0.0300, -0.0030,  0.0002, -0.0726, -0.0108, -0.1456,
         0.0057,  0.0349,  0.0200, -0.0369, -0.0508,  0.0268,  0.0736,  0.0130,
         0.0684,  0.0397,  0.0026, -0.0045,  0.0087, -0.0253, -0.0144,  0.0256,
        -0.0682, -0.0667, -0.0322, -0.0635, -0.0490,  0.0523, -0.0435,  0.0784,
        -0.0367, -0.0361,  0.0392,  0.0296, -0.0171, -0.0537, -0.0112,  0.0668,
        -0.0694, -0.0331, -0.0750, -0.0259,  0.0510, -0.0385,  0.0697, -0.0335])), ('linear_layer.2.weight', tensor([[ 0.0121, -0.0412, -0.0237,  ..., -0.0417,  0.0511, -0.0276],
        [-0.0127,  0.0918,  0.0340,  ...,  0.0146, -0.0506,  0.0509],
        [ 0.0127,  0.0170,  0.0202,  ...,  0.0122, -0.0276,  0.0465],
        ...,
        [ 0.0045,  0.0400,  0.0320,  ...,  0.0024, -0.0183, -0.0486],
        [-0.0103,  0.0259,  0.0398,  ..., -0.0481,  0.0453,  0.0260],
        [-0.0445,  0.0018, -0.0179,  ..., -0.0502, -0.0018,  0.0371]])), ('linear_layer.2.bias', tensor([ 4.2973e-02, -3.3408e-02, -1.7632e-02, -3.9380e-02, -1.4451e-02,
         4.1927e-02,  1.7152e-02,  3.4141e-02,  1.3600e-02,  3.9617e-02,
         6.0362e-02,  9.3551e-03, -2.6415e-03,  1.1544e-02,  5.9202e-02,
        -5.0369e-02, -3.2564e-02, -6.0195e-02, -4.6177e-02, -5.5232e-03,
        -5.7779e-02,  1.6948e-02,  7.0881e-03, -6.1023e-02,  5.5454e-02,
        -5.4404e-02,  1.9163e-02, -1.4749e-02, -5.9647e-02, -3.0772e-02,
         3.1175e-02,  3.8611e-02,  1.8302e-02, -1.3170e-02, -2.4761e-02,
         5.2237e-02,  5.4887e-02, -1.5443e-02,  1.6067e-02,  2.7978e-02,
        -7.1414e-03,  2.2304e-02,  4.9868e-02,  5.7618e-02, -3.7574e-02,
         4.1763e-02,  4.7458e-02, -2.9562e-02,  2.8498e-02, -2.4023e-02,
         2.4865e-02,  1.4471e-02, -2.3163e-02,  1.8608e-02,  5.1872e-02,
        -5.1124e-03, -1.8751e-02,  1.8030e-02, -3.3389e-02,  3.4284e-03,
        -8.1476e-02,  9.6646e-03,  3.4575e-02,  2.6706e-03, -4.2956e-02,
         2.8016e-03,  2.9410e-02, -4.3648e-02,  6.5449e-03,  2.9681e-02,
         2.4842e-02,  4.0445e-02, -3.9911e-02,  2.5246e-02, -1.3112e-02,
        -5.1234e-02, -3.9182e-02,  6.0909e-02,  1.1114e-02,  8.4881e-04,
        -3.6226e-02,  3.4325e-02,  4.7895e-02, -3.8495e-02,  3.6463e-02,
        -2.4609e-02, -2.3965e-02,  1.0816e-02, -5.9006e-02,  1.9471e-02,
         5.0181e-02, -4.1474e-02, -4.3864e-04, -8.6610e-03, -3.0549e-02,
        -5.2134e-02,  3.6637e-02,  1.0168e-02, -6.2411e-04, -3.0132e-02,
         1.6660e-02,  6.0261e-03, -1.9664e-02, -4.1782e-02, -1.2190e-02,
         8.2509e-03, -5.8881e-02,  5.0988e-02,  2.4916e-02,  2.2785e-02,
         4.6372e-02, -5.4896e-02,  2.5352e-02, -3.1277e-02,  1.7583e-02,
        -5.0164e-02, -5.7704e-02, -3.5784e-02,  2.2847e-02, -5.9644e-02,
         3.3750e-02,  4.2084e-03,  2.1579e-02,  5.4721e-02,  4.8137e-02,
         2.8708e-03,  2.8922e-02,  2.2540e-02, -4.1264e-02, -5.0982e-02,
         3.1107e-02,  5.2996e-02,  7.1194e-03, -1.7899e-03, -1.0298e-02,
        -6.1752e-02,  6.2008e-02,  3.1701e-02,  4.7744e-02, -2.1236e-02,
         5.6794e-02, -3.4319e-02,  2.4779e-02, -1.9050e-02,  5.9736e-02,
         2.0329e-02,  6.1281e-03, -2.9828e-02, -5.1093e-02,  4.7701e-02,
         1.0367e-02, -5.8277e-02, -4.0392e-02,  3.7035e-03,  4.9294e-02,
        -9.2702e-03,  3.5557e-02,  1.6306e-02,  1.4344e-02, -3.4829e-02,
        -1.6437e-03, -4.4323e-02, -5.8134e-03,  1.9908e-02, -1.1908e-02,
        -2.6344e-02,  5.0607e-02, -5.1545e-02, -4.4046e-02,  4.3472e-02,
         4.2558e-02, -6.0531e-02,  2.1924e-02, -1.3001e-02,  2.6151e-02,
        -4.0908e-02,  9.1296e-03,  1.8425e-02, -3.7472e-02, -2.3253e-02,
        -4.3068e-02,  4.2150e-02,  4.5309e-02, -4.1148e-03, -4.4980e-02,
        -5.2860e-02,  5.3694e-03,  4.8245e-02, -2.6366e-02, -4.8504e-02,
        -4.2778e-03, -1.0249e-02, -2.1790e-02,  1.0479e-03,  6.1309e-02,
         3.6108e-02, -4.3103e-02,  4.0117e-02,  1.3664e-02, -5.6215e-02,
        -4.6444e-02,  4.0089e-02, -1.8883e-02, -4.4726e-02, -9.5214e-03,
         5.3798e-02, -5.2982e-02,  5.0110e-02, -5.0734e-02, -1.5050e-02,
        -1.0232e-02, -8.0205e-03,  5.2546e-02,  1.0204e-01, -4.4655e-02,
         4.7584e-02, -4.1840e-02,  1.8959e-02,  4.5782e-02,  1.8910e-02,
         9.0385e-03, -3.3135e-02,  4.9106e-02,  1.6398e-02,  2.3126e-02,
         4.1393e-02,  2.4448e-02, -4.2467e-02, -2.0309e-02, -1.9271e-02,
        -6.0526e-02,  3.7854e-02, -5.6071e-02, -1.5981e-02, -6.1302e-02,
         6.1913e-03,  2.2361e-02,  4.3982e-02, -7.3741e-03, -3.0714e-02,
         2.6673e-02,  4.4328e-02, -5.2458e-02, -1.7782e-02, -3.2630e-02,
        -1.1703e-02, -3.5006e-02, -2.9860e-02, -3.8004e-02,  3.5281e-02,
        -1.0393e-02, -1.2250e-02,  5.3270e-02,  1.5670e-02, -3.6167e-02,
        -5.6550e-02,  3.1554e-02, -5.7115e-02, -7.1924e-03, -6.9268e-03,
         4.9448e-03, -2.7408e-02, -6.0448e-02, -5.2375e-02,  5.8850e-03,
         1.0347e-02,  2.0042e-02, -4.3003e-02, -9.0319e-03, -4.2708e-02,
         4.7317e-02, -9.8429e-03,  3.9387e-03,  5.7690e-02,  2.5364e-02,
         5.8565e-02, -5.4594e-02,  5.3613e-02, -3.1298e-02,  4.4505e-02,
        -1.9715e-02, -2.0208e-02, -9.4478e-02,  6.0481e-02, -9.3783e-03,
        -1.9460e-02, -1.8129e-02, -5.0635e-02, -4.1295e-02, -3.0966e-02,
         3.3909e-02,  1.1680e-02, -3.9897e-02,  5.6727e-02, -4.7003e-03,
        -5.4914e-02,  3.3565e-04,  2.9947e-02, -6.0376e-02, -3.9072e-02,
         1.1289e-02,  4.4995e-02,  1.3180e-05,  4.2873e-02,  1.0402e-01,
         2.1635e-02, -4.6376e-02, -1.4620e-02,  5.7268e-02, -2.1795e-02,
         5.2977e-02,  1.2045e-02, -2.3985e-02, -4.8036e-02, -1.5651e-02,
         2.8833e-02, -2.6483e-02,  4.0400e-02,  4.7273e-03, -1.3164e-02,
        -1.3613e-02, -1.3215e-01, -1.5646e-02, -1.8772e-02,  4.4368e-02,
         4.8072e-03,  1.1298e-02,  4.1298e-02,  4.2761e-02, -1.9623e-02,
        -2.2337e-02, -5.2953e-02,  5.0503e-02,  5.9637e-02, -5.2697e-02,
         2.0122e-02, -1.8600e-02, -4.9972e-02, -1.3341e-02,  4.6417e-02,
        -5.6715e-02, -1.7173e-02,  2.6168e-02, -4.5533e-03, -4.2500e-02,
         2.2882e-02, -2.2080e-02, -5.8790e-02,  2.0660e-05, -3.2337e-02,
        -1.0165e-02,  2.8542e-04,  5.2444e-03, -3.6325e-03,  2.2467e-02,
         3.9367e-02, -1.6225e-02, -2.5505e-02, -5.0395e-02, -8.8475e-03,
        -5.4828e-02,  7.0053e-02, -5.5932e-02, -2.6838e-02, -2.4380e-02,
        -8.3523e-03,  2.6170e-02,  4.5378e-02,  5.0784e-02,  4.8160e-02,
         3.1163e-03, -1.7976e-02, -4.5917e-02,  2.6502e-02, -3.2625e-02,
        -6.0570e-02, -6.1502e-03, -2.8268e-02, -2.2961e-02, -5.5202e-02,
         5.7988e-02, -2.7696e-02,  1.4278e-02, -3.3531e-02,  1.9214e-02,
        -4.7621e-02, -3.8010e-02, -7.3154e-04, -1.4842e-02,  6.0491e-02,
         1.6726e-02, -7.6624e-03,  1.3170e-02, -1.0576e-04, -6.4882e-03,
         1.1069e-03,  4.5503e-02,  2.2382e-02, -2.9957e-02,  6.1505e-02,
        -3.5049e-02,  2.8631e-02,  2.8564e-02, -4.9031e-02,  5.8905e-02,
         5.3786e-03, -4.5014e-02,  1.7281e-02, -2.3093e-02,  3.1342e-02,
         3.6756e-02, -3.4785e-02, -3.5924e-03,  4.1841e-03,  7.3788e-03,
         7.1226e-03, -6.1795e-02,  5.6720e-02,  5.8088e-02, -1.7957e-02,
         3.8147e-02,  5.0846e-02,  3.7218e-02, -5.7492e-02, -4.0379e-03,
         5.1140e-02,  2.7519e-03,  2.1562e-02,  6.0348e-02, -7.4047e-03,
         3.5924e-03, -6.0690e-02,  6.2176e-02,  2.4581e-02,  3.0161e-02,
        -2.7651e-02,  5.2258e-02,  8.3965e-03, -1.3239e-02, -4.4920e-02,
        -5.1683e-02,  4.5421e-02,  4.3588e-02,  6.9626e-03, -1.9277e-03,
         6.7619e-02, -1.3639e-02, -4.6963e-02, -1.0833e-02, -3.5453e-02,
         2.0304e-02,  1.0069e-02,  3.1778e-02,  1.2959e-02, -3.9511e-02,
         5.3087e-02, -3.0321e-02,  1.0477e-01,  1.0496e-01,  2.3181e-02,
        -4.2301e-02,  2.2725e-02, -3.9167e-02,  5.7509e-03, -2.5489e-02,
         1.8087e-02,  1.6830e-02, -3.5036e-02,  1.2677e-02,  2.0546e-02,
        -5.3424e-02, -3.1762e-02,  2.7474e-02,  3.2855e-02,  1.8801e-02,
        -3.9000e-02, -3.7454e-02, -3.9894e-02,  5.1204e-02, -1.3359e-02,
         1.8844e-02,  2.5686e-02, -2.2649e-02, -3.5498e-02,  6.0705e-02,
        -2.1645e-02, -5.8498e-03, -2.4243e-02, -8.5540e-03,  1.7053e-03,
        -7.8145e-03,  1.7302e-02, -6.0634e-02,  2.8172e-02, -9.8027e-02,
         4.9737e-02,  1.6999e-02,  5.8819e-02,  6.2151e-02, -5.3397e-02,
         4.5604e-02, -2.7796e-02,  5.4514e-02,  4.2436e-02,  3.2196e-02,
        -1.9597e-02, -4.9640e-02,  1.8298e-02, -2.9244e-02,  8.9188e-03,
        -2.2319e-04, -2.8997e-02])), ('linear_layer.4.weight', tensor([[ 2.7136e-02,  1.8448e-02,  4.0365e-02,  ...,  3.9129e-03,
         -7.1025e-03, -2.6836e-02],
        [-3.3663e-03, -1.0471e-02,  1.6814e-03,  ...,  1.1089e-02,
          1.2057e-02,  1.3387e-02],
        [-7.8572e-03, -3.5770e-02,  3.8316e-02,  ..., -1.3868e-02,
         -1.6715e-02,  3.7249e-02],
        ...,
        [ 3.0056e-02,  3.5070e-02, -2.1503e-02,  ...,  3.4972e-02,
          5.5262e-03, -3.5003e-02],
        [-1.4745e-02, -4.4131e-02,  2.1563e-02,  ...,  4.0381e-03,
         -2.6645e-02,  3.2807e-04],
        [ 3.4582e-02, -2.3470e-02,  2.2780e-05,  ...,  2.3627e-03,
          2.8870e-02, -1.9541e-03]])), ('linear_layer.4.bias', tensor([ 0.0534, -0.0219, -0.0083,  0.0350, -0.0220,  0.0427, -0.0138,  0.0030,
         0.0209,  0.0050,  0.0070,  0.0295,  0.0020,  0.0334, -0.0342,  0.0198,
        -0.0226, -0.0241,  0.0366,  0.0117, -0.0095, -0.0182,  0.0144,  0.0048,
        -0.0165, -0.0023, -0.0403,  0.0028,  0.0070, -0.0106,  0.0175,  0.0213,
        -0.0167, -0.0269,  0.0107, -0.0675,  0.0132,  0.0312, -0.0079,  0.0629,
        -0.0111,  0.0409, -0.0101, -0.0392,  0.0430, -0.0168,  0.0325,  0.0283,
         0.0403, -0.0375, -0.0117, -0.0122, -0.0172,  0.0411, -0.0504,  0.0407,
        -0.0273,  0.0145,  0.0148, -0.0342, -0.0003,  0.0016,  0.0318,  0.0268,
        -0.0046, -0.0193,  0.0247,  0.0097, -0.0438, -0.0372, -0.0152,  0.0433,
        -0.0222,  0.0395, -0.0243, -0.0375,  0.0953, -0.0131, -0.0383,  0.0242,
        -0.0161,  0.0245,  0.0058, -0.0377, -0.0206,  0.0070, -0.0400, -0.0031,
        -0.0100,  0.0183, -0.0263,  0.0355, -0.0100, -0.0111, -0.0043,  0.0412,
         0.0367, -0.0448, -0.0394,  0.0281, -0.0343,  0.0342,  0.0149, -0.0273,
         0.0030,  0.0358, -0.0309,  0.0069,  0.0163, -0.0439,  0.0085, -0.0331,
         0.0315,  0.0118, -0.0199, -0.0291, -0.0340, -0.0272,  0.0137,  0.0268,
        -0.0174,  0.0309, -0.0335,  0.0440,  0.0226, -0.0318,  0.0359,  0.0539,
         0.0144, -0.0392,  0.0057, -0.0250,  0.0310, -0.0270, -0.0439, -0.0199,
         0.0251,  0.0237, -0.0395,  0.0018, -0.0104, -0.0221, -0.0440, -0.0115,
        -0.0329, -0.0146, -0.0366, -0.0017,  0.0263,  0.0105,  0.0137,  0.0051,
         0.0088,  0.0290,  0.0043,  0.0333, -0.0302,  0.0373,  0.0114,  0.0413,
         0.0166,  0.0281,  0.0329,  0.0261,  0.0401, -0.0057, -0.0250, -0.0328,
         0.0234,  0.0266, -0.0284, -0.0318,  0.0064, -0.0204,  0.0321, -0.0076,
         0.0234,  0.0417,  0.0202, -0.0059,  0.0098,  0.0017,  0.0331,  0.0104,
        -0.0347,  0.0131, -0.0109, -0.0065, -0.0076, -0.0414, -0.0082, -0.0115,
        -0.0409, -0.0367, -0.0344,  0.0413,  0.0330,  0.0387, -0.0005, -0.0046,
        -0.0213, -0.0353, -0.0282, -0.0282,  0.0015,  0.0200,  0.0061,  0.0389,
        -0.0035, -0.0232, -0.0091,  0.0424, -0.0109, -0.0351,  0.0280,  0.0543,
        -0.0050, -0.0223, -0.0328,  0.0198,  0.0053, -0.0298, -0.0398, -0.0435,
        -0.0093, -0.0317, -0.0326, -0.0248, -0.0124, -0.0061,  0.0115,  0.0341,
        -0.0034,  0.0099,  0.0231,  0.0357,  0.0221,  0.0373, -0.0016, -0.0342,
        -0.0161, -0.0379,  0.0267,  0.0043, -0.0215, -0.0258,  0.0044,  0.0226,
        -0.0110,  0.0381, -0.0332,  0.0073, -0.0039, -0.0024, -0.0028,  0.0362]))])